{
  "nbformat": 4,
  "nbformat_minor": 0,
  "metadata": {
    "colab": {
      "provenance": []
    },
    "kernelspec": {
      "name": "python3",
      "display_name": "Python 3"
    },
    "language_info": {
      "name": "python"
    }
  },
  "cells": [
    {
      "cell_type": "code",
      "execution_count": null,
      "metadata": {
        "id": "HdOug9q-wP6O"
      },
      "outputs": [],
      "source": [
        "!pip install -q moviepy\n",
        "!apt install imagemagick\n",
        "!pip install imageio==2.4.1"
      ]
    },
    {
      "cell_type": "markdown",
      "source": [],
      "metadata": {
        "id": "8zXo2RT7wtTL"
      }
    },
    {
      "cell_type": "code",
      "source": [
        "import numpy as np\n",
        "import cv2\n",
        "import matplotlib.pyplot as plt\n",
        "import moviepy\n",
        "from moviepy.editor import VideoFileClip\n",
        "\n",
        "\n",
        "\n",
        "\n",
        "val = input(\"ENTER THE NUMBER OF THE VIDEO YOU WANT TO EDIT: --1, 2, 3, 4, 5, 6, 7--  \")\n",
        "\n",
        "Ovideo = \"videos/video\"\n",
        "Ovideo = Ovideo + str(val) + \".gif\"\n",
        "\n",
        "\n",
        "# using an already build function we find out the duration of the gif\n",
        "clip = VideoFileClip(Ovideo)\n",
        "print(f\"Duration of the video: \",clip.duration)\n",
        "\n",
        "\n",
        "val2 = input(\"ENTER HOW MANY miliseconds away you want to take the frames(it will affect the quality):\")\n"
      ],
      "metadata": {
        "colab": {
          "base_uri": "https://localhost:8080/"
        },
        "id": "eEUDD8X2wt7V",
        "outputId": "73ab3ef5-c3a0-40d9-ae33-bf9a9510d38b"
      },
      "execution_count": 1,
      "outputs": [
        {
          "name": "stdout",
          "output_type": "stream",
          "text": [
            "ENTER THE NUMBER OF THE VIDEO YOU WANT TO EDIT: --1, 2, 3, 4, 5, 6, 7 --  3\n",
            "Duration of the video:  18.4\n",
            "ENTER HOW MANY miliseconds away you want to take the frames(it will affect the quality):600\n"
          ]
        }
      ]
    },
    {
      "cell_type": "code",
      "source": [
        "\n",
        "for j in range(3):\n",
        "  # cv2.VideoCapture = lets you create a video capture object which is helpful to capture videos through webcam and then you may perform desired operations on that video.\n",
        "    vidcap = cv2.VideoCapture(Ovideo)\n",
        "    count = 1\n",
        "    # vidcap.read() = citeste componentele cadrului(o matrice de pixeli)\n",
        "    success,image = vidcap.read()\n",
        "    #image.shape = returneaza number of layers, number of rows and number of columns\n",
        "    #se salveaza intr un tuplu (original shape)\n",
        "    orig_shape = image.shape \n",
        "    if j == 0:\n",
        "        print(\"Video resolution: \",orig_shape[0:2])#layers and rows = rezolutia\n",
        "        first_img = image#matrice ce stocheaza inforamtia din prima captura\n",
        "    arr = image[:,:,j] #se iau primele trei coloane pe rand\n",
        "    flat_arr = arr.ravel() # functia ravel uneste toate liniile si formeaza un vector 1D\n",
        "    flat_vector = flat_arr\n",
        "    while success:\n",
        "      #here we count how many times we save a photo from the video(once 500 miliseconds we save photo)\n",
        "      #cv2.CAP_PROP_POS_MSEC,(count*500) is responsible for skipping directly to the count*500 second in the video ((count*500)*1000th millisecond)\n",
        "        vidcap.set(cv2.CAP_PROP_POS_MSEC,(count*int(val2)))#The set() function creates a set object\n",
        "        success,image = vidcap.read()\n",
        "        if not success:\n",
        "            break\n",
        "        arr = image[:,:,j]\n",
        "        flat = arr.ravel()\n",
        "        flat_vector = np.vstack([flat_vector, flat])#np.vstaks Stack arrays in sequence vertically (row wise).\n",
        "        count += 1\n",
        "\n",
        "    print(\"Number of Frames taken from Video: \", count+1)\n",
        "    print(\"Computing...\")\n",
        "\n",
        "    #se aplica DVS pe vectorul vertical transpus \n",
        "    SVD = np.linalg.svd(flat_vector.T, full_matrices=False)\n",
        "    u, s, v = SVD\n",
        "\n",
        "    #se formeaza o matrice cu zerouri\n",
        "    Ar = np.zeros((len(u), len(v)))\n",
        "\n",
        "    for i in range(1):\n",
        "        Ar += s[i] * np.outer(u.T[i], v[i])    \n",
        "    if (j==0):\n",
        "        new_flat_vector_0=(Ar.T)\n",
        "    elif j==1:\n",
        "        new_flat_vector_1=(Ar.T)\n",
        "    elif j==2:\n",
        "        new_flat_vector_2=(Ar.T)\n",
        "\n"
      ],
      "metadata": {
        "colab": {
          "base_uri": "https://localhost:8080/"
        },
        "id": "Xk9Rnen9xbFJ",
        "outputId": "ee7e06fb-1cfe-452b-91bd-709692a0bf5e"
      },
      "execution_count": 8,
      "outputs": [
        {
          "output_type": "stream",
          "name": "stdout",
          "text": [
            "Video resolution:  (900, 1600)\n",
            "Number of Frames taken from Video:  32\n",
            "Computing...\n",
            "Number of Frames taken from Video:  32\n",
            "Computing...\n",
            "Number of Frames taken from Video:  32\n",
            "Computing...\n"
          ]
        }
      ]
    },
    {
      "cell_type": "code",
      "source": [
        "print(f\"u = \", u)\n",
        "print(f\"s = \", s)\n",
        "print(f\"v = \", v)\n",
        "\n",
        "new_flat_vector = np.zeros((len(flat_vector), len(flat_vector.T)*3))\n",
        "for i in range(len(new_flat_vector_0.T)):\n",
        "    new_flat_vector[:,i+i*2]   = new_flat_vector_0[:,i]\n",
        "    new_flat_vector[:,i+1+i*2] = new_flat_vector_1[:,i]\n",
        "    new_flat_vector[:,i+2+i*2] = new_flat_vector_2[:,i]"
      ],
      "metadata": {
        "colab": {
          "base_uri": "https://localhost:8080/"
        },
        "id": "n57lTcIOyJrm",
        "outputId": "ccdf0ec9-ff88-4a2c-c6d8-c6da3792a6c8"
      },
      "execution_count": 7,
      "outputs": [
        {
          "output_type": "stream",
          "name": "stdout",
          "text": [
            "u =  [[-1.04941667e-03  6.10443781e-07  7.15116754e-06 ... -1.70900636e-06\n",
            "   2.18870559e-06 -1.95539540e-06]\n",
            " [-1.09794461e-03  6.38672420e-07  7.48185743e-06 ... -1.78803534e-06\n",
            "   2.28991778e-06 -2.04581840e-06]\n",
            " [-1.09794461e-03  6.38672421e-07  7.48185743e-06 ... -1.78803533e-06\n",
            "   2.28991778e-06 -2.04581840e-06]\n",
            " ...\n",
            " [-6.97589114e-04  4.05786344e-07  4.75366632e-06 ... -1.13604454e-06\n",
            "   1.45492014e-06 -1.29982937e-06]\n",
            " [-6.97589114e-04  4.05786344e-07  4.75366632e-06 ... -1.13604454e-06\n",
            "   1.45492014e-06 -1.29982937e-06]\n",
            " [-6.97589114e-04  4.05786344e-07  4.75366632e-06 ... -1.13604454e-06\n",
            "   1.45492014e-06 -1.29982937e-06]]\n",
            "s =  [9.17865386e+05 4.27049491e+03 3.93880654e+03 2.82861627e+03\n",
            " 2.45430064e+03 2.23040809e+03 1.92791730e+03 1.50740540e+03\n",
            " 1.39767453e+03 1.36951279e+03 1.32222381e+03 1.30097829e+03\n",
            " 1.16873751e+03 1.13246390e+03 1.08016004e+03 9.98069906e+02\n",
            " 9.79982350e+02 9.50809641e+02 9.23541662e+02 8.52864616e+02\n",
            " 8.36372005e+02 7.85557812e+02 7.42414317e+02 7.04963342e+02\n",
            " 6.76668705e+02 6.65289193e+02 6.51117062e+02 6.30611211e+02\n",
            " 6.27439299e+02 5.99712311e+02 5.80842428e+02]\n",
            "v =  [[-1.79572700e-01 -1.79601479e-01 -1.79599951e-01 -1.79603271e-01\n",
            "  -1.79602923e-01 -1.79606860e-01 -1.79609538e-01 -1.79608871e-01\n",
            "  -1.79607166e-01 -1.79607004e-01 -1.79609720e-01 -1.79609965e-01\n",
            "  -1.79606533e-01 -1.79608265e-01 -1.79610002e-01 -1.79608253e-01\n",
            "  -1.79611471e-01 -1.79608387e-01 -1.79609105e-01 -1.79604427e-01\n",
            "  -1.79608396e-01 -1.79607683e-01 -1.79608889e-01 -1.79607292e-01\n",
            "  -1.79607007e-01 -1.79608355e-01 -1.79608208e-01 -1.79606133e-01\n",
            "  -1.79600565e-01 -1.79600754e-01 -1.79595185e-01]\n",
            " [-1.40019625e-01 -1.22997094e-01  2.41336435e-01  2.34949787e-01\n",
            "   2.72601699e-01 -1.61719765e-01 -2.42861456e-01  1.39534042e-01\n",
            "   2.47776644e-01 -1.70706784e-01 -2.35677801e-01  5.09634814e-02\n",
            "  -1.39277878e-01  3.26061126e-02  3.06675350e-02 -5.64915431e-02\n",
            "  -6.13884077e-03  2.57190808e-02 -3.53640285e-02 -2.09874068e-01\n",
            "  -2.98131452e-04  1.61056094e-01 -2.79428111e-01 -1.12394973e-01\n",
            "   2.46934252e-01  2.06387806e-01 -2.28675885e-01 -1.39046601e-01\n",
            "  -1.41029676e-01  2.47555847e-01  2.83928514e-01]\n",
            " [ 7.34367320e-01  2.60625867e-01  2.70988034e-02  2.28942348e-02\n",
            "  -8.18605671e-02 -5.95677933e-02 -4.60558836e-02 -9.65057911e-02\n",
            "  -1.02787174e-01 -1.45434728e-01 -6.56496175e-02 -1.18399920e-01\n",
            "  -2.16123552e-01  8.39748529e-02  1.12505071e-01 -7.30799979e-02\n",
            "   2.90162620e-02  2.37458055e-01  1.01390670e-01 -2.46599724e-01\n",
            "  -6.62735457e-02 -1.38404786e-01 -1.16480119e-01 -1.21551608e-01\n",
            "  -1.15505444e-01 -6.91277625e-02 -1.93474580e-02 -1.85232714e-02\n",
            "   9.53675824e-02  1.34746161e-02  1.99268225e-01]\n",
            " [ 3.47968264e-01 -1.90515180e-02  1.13235499e-01  1.30602741e-01\n",
            "   8.03446595e-02  9.44836065e-02  9.91615657e-02  5.24752246e-02\n",
            "   1.11420151e-01  8.45954198e-02  8.69588096e-03 -1.24403269e-01\n",
            "   7.66260877e-02 -2.88278862e-01 -3.75688183e-01 -3.37371813e-01\n",
            "  -4.00047488e-01 -3.98103879e-01 -1.84954271e-01  4.19883823e-02\n",
            "   1.04131885e-02  7.66443990e-02  7.32468764e-02  1.07744039e-01\n",
            "   1.03697010e-01  7.90903712e-02  7.23573678e-02  6.11467705e-02\n",
            "   1.44551030e-01  1.28306590e-01  2.92150663e-02]\n",
            " [-4.53896026e-01  2.94274400e-01  9.13435424e-02  9.66968908e-02\n",
            "  -4.19904420e-02  9.50179118e-02  2.36369187e-01 -9.30631216e-04\n",
            "  -2.29201755e-02 -3.01032793e-02  1.31053304e-01 -1.21404120e-01\n",
            "  -4.16492399e-01 -4.88836716e-02 -2.78722946e-02 -1.55118856e-01\n",
            "  -6.78107000e-02  5.19649352e-02  3.51005185e-02 -4.63191014e-01\n",
            "   3.10904868e-02 -4.68629195e-02  7.46132039e-02  1.22468421e-02\n",
            "  -5.33998860e-02  2.01195175e-02  2.32106587e-01  1.47248559e-01\n",
            "   2.61245879e-01  7.79718158e-02  6.23459768e-02]\n",
            " [ 2.61884715e-01 -2.16704017e-01 -1.33528144e-01 -1.45978888e-01\n",
            "   7.35728194e-02  3.22920080e-02  6.13758563e-02  9.09586502e-02\n",
            "   1.67576643e-01  1.52525894e-01  1.24736663e-01  2.46787569e-01\n",
            "  -4.14892284e-01 -1.71479425e-01  2.24402494e-02  2.00781786e-01\n",
            "   1.44204421e-01 -6.30872846e-02 -1.78703646e-01 -3.62802822e-01\n",
            "   2.23264691e-01  1.37362264e-01  4.31350398e-02  1.41585693e-01\n",
            "   1.22833856e-01  4.18057094e-02  2.66817014e-02  3.40480184e-02\n",
            "  -2.46869377e-01 -1.31791186e-01 -2.84031571e-01]\n",
            " [-1.38039686e-02 -1.40317628e-01  2.75327723e-02  1.23544694e-01\n",
            "  -1.90031668e-01  3.13366995e-01 -2.77717104e-01  3.31681788e-02\n",
            "  -1.52909766e-01  2.97363009e-01 -2.64627819e-01  3.97209404e-02\n",
            "  -7.76745152e-02  2.95518901e-01  7.05000364e-02 -8.30188437e-02\n",
            "  -7.86704100e-02 -6.06792489e-02 -8.03072591e-03 -5.17785111e-02\n",
            "   1.59688264e-01 -2.54943038e-02 -3.37244370e-01  3.38521053e-01\n",
            "  -1.52883436e-01 -2.41179981e-02 -1.73616455e-01  3.09573818e-01\n",
            "   1.67059540e-01  5.79795387e-02 -1.20917630e-01]\n",
            " [ 2.30220472e-02  4.87410429e-02  1.74201457e-01  9.94736526e-02\n",
            "  -4.23039048e-01 -1.63615941e-01  1.92022526e-02  3.34050257e-01\n",
            "  -2.53203586e-01 -9.54418187e-02  9.01554510e-02  3.31839647e-01\n",
            "  -2.78423365e-02  5.62363947e-02 -5.46167341e-03  2.24419798e-02\n",
            "  -1.89430285e-01 -1.65248814e-01  1.05705193e-01 -6.34528366e-03\n",
            "   1.54882897e-01  2.86700359e-01  9.18880934e-02 -1.21215359e-01\n",
            "  -3.76246528e-01  2.17204450e-01  1.69959896e-02 -1.65310408e-01\n",
            "  -1.43482017e-01  1.48069772e-02  4.83267476e-02]\n",
            " [-1.52706367e-02 -7.64089856e-02  8.96069678e-02  1.41980436e-01\n",
            "  -1.48231360e-01  4.10045994e-02 -3.11626875e-02  1.93203018e-01\n",
            "  -6.62791139e-02  4.07350316e-02 -5.39234320e-02 -1.39478678e-01\n",
            "   2.67691213e-01 -4.91585291e-01 -8.37432118e-02 -2.20446710e-01\n",
            "   2.52677060e-01  5.47520789e-01 -1.45215696e-01 -6.32637120e-02\n",
            "   2.01276922e-01  1.49882576e-01 -1.08104014e-01 -3.35641436e-02\n",
            "  -9.78339278e-02 -6.01278513e-02  3.56572948e-02 -5.98640633e-03\n",
            "   5.59342750e-03  3.55172315e-02 -1.61733818e-01]\n",
            " [ 4.63202492e-02 -2.14899439e-01  4.20479562e-02  1.44462443e-01\n",
            "   2.39911342e-01 -5.29756719e-02  7.91421738e-02  6.67758470e-03\n",
            "  -2.01695994e-01 -9.74770909e-02 -9.60576479e-02  5.29768698e-01\n",
            "  -1.60895006e-01  6.51172543e-02 -6.25304247e-03 -2.22696355e-01\n",
            "   6.15528540e-02  7.33736694e-02 -4.78018600e-02  1.43366533e-01\n",
            "  -2.38609631e-01  6.46714790e-03 -1.95662868e-02 -2.70805193e-01\n",
            "   4.69581316e-02 -1.69494443e-01  1.68013202e-01  3.21472125e-02\n",
            "   3.44254629e-01  7.79499359e-02 -3.08300512e-01]\n",
            " [-8.85795683e-02  2.76344974e-01 -1.38926842e-01 -2.72620505e-01\n",
            "   3.24861049e-02 -9.11906984e-03  6.62094389e-04 -1.41098841e-01\n",
            "   1.22456353e-01  1.24836889e-01 -9.11716699e-02  4.94277560e-01\n",
            "  -8.28963731e-02 -9.52145880e-02 -1.24204300e-01 -3.22242341e-01\n",
            "  -2.28663553e-01  2.92871396e-01 -2.68075249e-02  1.75375599e-01\n",
            "   2.04424274e-01 -9.32234175e-02 -5.18527939e-02  1.19716363e-01\n",
            "   1.73907659e-02 -2.06206109e-02 -9.57707328e-02  9.38604487e-04\n",
            "  -1.36009057e-01 -1.50414398e-01  3.07652058e-01]\n",
            " [-4.01412053e-03 -1.45872089e-01  6.69574698e-02  1.42171371e-01\n",
            "  -2.42830191e-01 -2.40261051e-02  6.40830641e-02 -3.29737758e-02\n",
            "  -2.29696865e-02  2.57838761e-01 -6.61299398e-02 -5.59780553e-02\n",
            "  -3.88536915e-01 -4.89836260e-02 -1.01750695e-01  3.98547838e-02\n",
            "   1.84328969e-01  1.65363803e-01 -2.25488977e-01  2.60565730e-01\n",
            "  -4.69153115e-01  4.24397051e-02  2.75821573e-01  2.43017311e-01\n",
            "  -6.26488714e-02  3.61637468e-02 -1.02972118e-01 -9.30936044e-02\n",
            "  -8.05545949e-02  1.42017567e-01  2.47368559e-01]\n",
            " [-8.96511892e-03  3.77472694e-02  6.25587824e-02  2.11983357e-01\n",
            "  -5.37212654e-02 -1.62517304e-01 -1.04994041e-01 -1.62318584e-01\n",
            "   1.45210208e-01 -9.04630391e-02  5.81652823e-02 -1.29985778e-01\n",
            "  -3.77139575e-01 -7.00755013e-02 -1.79970810e-01  1.71046547e-01\n",
            "   4.09916293e-02 -6.62733906e-03  1.25384648e-01  4.02330232e-01\n",
            "   5.21442899e-01 -1.14610078e-01  2.37113059e-02 -4.56837139e-02\n",
            "  -1.34787676e-02 -8.38652623e-02 -1.59499642e-01 -1.71817312e-01\n",
            "   2.57135071e-01  4.36608194e-02 -1.65624082e-01]\n",
            " [ 7.12825149e-03 -7.74097221e-02 -2.78188183e-02 -2.93169370e-01\n",
            "   1.70749204e-01 -1.33507824e-03 -2.07426607e-03  3.34416945e-01\n",
            "  -8.25745877e-02  1.11189071e-01 -8.48187960e-02 -4.00527206e-01\n",
            "  -3.28611990e-01  1.13071032e-01  1.93031214e-01 -2.10783468e-01\n",
            "  -1.75714710e-01  1.16995029e-01  7.96225273e-02  3.28010365e-01\n",
            "   4.89238752e-02  2.90936108e-01 -2.83896082e-02 -2.08364278e-01\n",
            "   5.67734838e-02  7.15728507e-02  1.60024238e-01  1.14201572e-01\n",
            "  -7.07845149e-02 -1.86860137e-01 -1.74172880e-02]\n",
            " [ 4.52929484e-03 -2.65762717e-02  1.02609487e-01  1.56970084e-01\n",
            "   1.52785847e-01 -3.75916344e-02  1.79302559e-03 -1.53273746e-01\n",
            "  -2.88119856e-01  2.66424473e-01  2.46413042e-02 -5.08187306e-02\n",
            "  -2.15143008e-02  7.05687286e-02 -7.16746999e-03 -2.22444985e-01\n",
            "   1.85077601e-02 -4.47325255e-02  2.97566992e-01 -4.58012234e-02\n",
            "   1.76373287e-01 -1.28190073e-01  1.53725301e-01 -8.85722048e-03\n",
            "   7.27665338e-02 -2.90273428e-01  1.42315735e-01 -7.00101590e-02\n",
            "  -5.41089733e-01  3.57784887e-01 -6.29041265e-02]\n",
            " [ 1.00676641e-02 -4.55506322e-02  4.28315955e-02  6.54664550e-02\n",
            "  -7.64650441e-02 -2.29362638e-01  5.06584238e-01 -1.33344249e-01\n",
            "  -1.80942615e-02 -7.47116657e-02 -2.12887669e-01 -7.10080698e-02\n",
            "   8.17074852e-02  1.63933024e-01  3.90859554e-01 -5.62498474e-02\n",
            "  -1.67006635e-01  6.00312532e-02 -4.66596678e-01  2.83991702e-02\n",
            "   2.40575326e-01 -1.32601246e-01  8.97602907e-02 -1.04976914e-02\n",
            "   2.91190637e-02  9.98761937e-02 -1.61528802e-01  9.07149851e-02\n",
            "  -6.81495376e-02  1.33229821e-01 -1.09105182e-01]\n",
            " [ 3.48953289e-02 -2.31465051e-01  1.85535103e-02 -1.66343551e-01\n",
            "  -1.43434472e-01  5.85663705e-02  3.92636795e-01 -4.52357153e-02\n",
            "   1.78504814e-01 -2.10366114e-01 -1.97872040e-01 -2.00226722e-02\n",
            "  -1.73996262e-02  1.06668960e-01 -2.42285240e-01 -3.13306556e-01\n",
            "   4.08880847e-01 -1.04906180e-01  3.95095453e-01  2.40550378e-02\n",
            "   3.16761520e-02 -8.17975294e-02 -7.31376676e-02  5.43340465e-02\n",
            "  -6.40734755e-02  2.85063785e-01 -5.37284540e-02  8.77926865e-02\n",
            "  -7.14730428e-02 -1.58666078e-02 -2.40316127e-02]\n",
            " [-3.11111242e-03  3.25780860e-01  9.10239863e-02  2.02516176e-02\n",
            "  -1.44996642e-01  4.03245937e-02 -1.47581773e-02 -1.05571553e-01\n",
            "   1.65846089e-01  2.28689116e-01  1.83024546e-02  2.81142801e-02\n",
            "  -4.17174386e-02  3.71691382e-02 -6.14321758e-02  4.12094019e-02\n",
            "   2.66708156e-01 -2.02990675e-01 -3.13459091e-01  1.90014474e-01\n",
            "  -3.77035781e-02 -7.29477495e-02 -4.36038720e-01 -3.41958294e-01\n",
            "  -5.84076292e-02  1.29228154e-01  3.54853651e-01  6.90924555e-02\n",
            "  -2.01124436e-01  8.34402753e-02 -5.38243371e-02]\n",
            " [-2.14700204e-02  8.41402920e-02 -1.46528437e-01 -8.69010247e-02\n",
            "   1.68693460e-01  2.94986601e-02  2.81362635e-02  9.74775398e-02\n",
            "  -4.30654171e-01 -2.15953522e-02 -1.34058553e-01  9.82153181e-03\n",
            "  -1.58762967e-02 -1.42401865e-01  3.35665237e-02 -2.98301329e-02\n",
            "   4.52955429e-01 -3.68264471e-01 -2.05164804e-01  1.27229007e-02\n",
            "   2.52113712e-01  9.47398992e-02  7.15695246e-02 -4.56326512e-02\n",
            "   2.80435006e-02 -1.41812946e-01 -1.40950264e-01  3.62650680e-02\n",
            "   1.49834874e-01 -2.96121784e-02  4.11194971e-01]\n",
            " [ 1.02508515e-02  1.49700050e-01 -3.98407504e-02 -1.23593606e-02\n",
            "   9.90314572e-02 -1.17517706e-01 -2.41804517e-01  1.21027809e-01\n",
            "   2.96613776e-02 -7.15911108e-02  3.23733171e-01 -8.01740096e-02\n",
            "   6.05068506e-02  5.12439437e-01 -2.14092576e-01 -3.85295044e-01\n",
            "   2.23716352e-01  6.20335725e-02 -3.25651517e-01 -6.91473461e-02\n",
            "   5.06509093e-02  7.84623622e-03  1.87936037e-01  1.41833951e-01\n",
            "  -1.94744955e-02  8.65173442e-02 -8.44549069e-02 -1.67287432e-01\n",
            "   3.02031348e-03 -6.42543232e-02 -1.76972878e-01]\n",
            " [ 1.50663612e-03  6.10393132e-02  7.56273075e-02 -3.08639227e-02\n",
            "  -4.06069041e-02  3.43027682e-01 -2.56464911e-01 -8.50859919e-02\n",
            "  -6.13069993e-02 -4.36471682e-01  2.45143860e-01  5.63337808e-02\n",
            "  -1.15904470e-01 -1.91407122e-01  1.59392254e-01 -8.59828392e-02\n",
            "   1.17314949e-02 -8.58090613e-03 -6.90534142e-02  1.75291625e-01\n",
            "  -4.64575173e-02 -7.44901600e-02  1.89303348e-01 -1.02640558e-01\n",
            "   2.02757471e-02  1.55071430e-01 -2.10982144e-01  4.52195106e-01\n",
            "  -2.30318104e-01  1.83592862e-01 -8.29150269e-02]\n",
            " [ 9.18023889e-03 -1.75536518e-01  2.16595952e-01 -2.39901376e-01\n",
            "   1.06181555e-01  2.09583728e-01  8.98339123e-02 -8.10345453e-02\n",
            "  -1.99633041e-01  5.68575409e-02 -2.97815624e-02 -2.79913149e-02\n",
            "   3.70283798e-02  2.34237092e-01 -5.35535339e-01  3.41975395e-01\n",
            "  -1.22860428e-01  2.50867334e-01 -1.54342258e-01 -1.06832454e-01\n",
            "   1.26822815e-01 -1.59941479e-02  8.25701668e-02 -3.28542740e-01\n",
            "  -3.42027500e-02  6.59482719e-02 -8.23073069e-02  1.15176657e-01\n",
            "  -7.55552952e-03  8.86740925e-02  1.10537149e-01]\n",
            " [-4.83354338e-03 -7.66491379e-02  1.22439037e-02  3.53255970e-02\n",
            "  -1.94131416e-01 -5.58253724e-02 -1.50969461e-01 -2.19449602e-01\n",
            "   2.48735874e-01  4.30628538e-01  1.11388665e-02  2.30702764e-02\n",
            "   8.55211984e-02 -1.02348500e-03  1.48474272e-01 -2.00657255e-01\n",
            "   6.93526363e-02 -8.18339988e-02  1.10696461e-01 -1.70695573e-01\n",
            "   1.69614987e-02  1.29935168e-01  3.35626140e-01 -4.96874032e-01\n",
            "   3.82320820e-02  2.90796769e-02 -2.68776377e-01  1.30424949e-01\n",
            "   1.61376643e-01 -1.23843327e-01  2.87324589e-02]\n",
            " [-1.31968382e-03 -4.99124110e-02  5.56363623e-01 -1.14949340e-01\n",
            "   1.59652254e-01  1.18429886e-01 -1.86998970e-01  5.58190443e-02\n",
            "   1.81653811e-01 -4.98179034e-02 -3.07305501e-01  2.84596065e-02\n",
            "   6.21500131e-03 -5.29268803e-02  1.50980404e-01 -9.77594530e-03\n",
            "   6.76099303e-02 -8.73786419e-02 -9.62306482e-02 -1.83690134e-02\n",
            "   6.89700055e-02 -2.88940619e-01  3.00439130e-01  7.94927625e-02\n",
            "  -2.91829436e-01 -7.46034276e-02  2.37867443e-01 -1.07163627e-01\n",
            "  -2.03475716e-02 -2.72949736e-01  1.88784528e-02]\n",
            " [-1.96141979e-03  4.98553514e-01  9.43755705e-02 -1.86416378e-01\n",
            "   7.63780483e-02 -2.34274597e-01 -7.75498950e-02  6.88093675e-02\n",
            "  -1.63932827e-01  1.16763555e-01 -4.09688132e-01  6.12111310e-03\n",
            "   1.43634742e-02 -1.17948921e-01 -1.29542750e-01  1.33887614e-01\n",
            "   5.43619769e-02 -1.68967681e-02  1.22226046e-01 -3.10727256e-02\n",
            "  -1.45909079e-01  5.55605179e-02  1.64117831e-01  9.67823426e-02\n",
            "   1.46735938e-01  2.34474666e-01 -1.85705589e-01  9.01443025e-02\n",
            "   2.53603352e-02  1.10820283e-01 -4.08938636e-01]\n",
            " [-1.72162729e-03  9.42421300e-02 -3.83668084e-02 -2.06555139e-01\n",
            "  -3.20658762e-01  4.79276346e-02 -2.94577339e-02  1.18338485e-01\n",
            "   3.23192583e-01 -2.42085872e-01 -2.41130230e-01  1.91075486e-02\n",
            "   1.54182285e-02  1.66883433e-01 -7.68656405e-02  2.78331197e-02\n",
            "   1.28620322e-02 -3.88583786e-02 -6.35115098e-02 -1.57685259e-02\n",
            "   2.55314825e-02  3.01853518e-01  1.33506490e-01 -4.27785768e-03\n",
            "   1.28036155e-01 -5.84127869e-01  1.05836051e-01  7.82635880e-02\n",
            "  -1.17653366e-02  2.82800142e-01 -6.47880724e-03]\n",
            " [-3.72295686e-03  1.59200286e-02  5.40685389e-01 -2.87411117e-01\n",
            "   8.02434450e-02 -1.89736475e-01  1.48667608e-01 -2.48672157e-01\n",
            "  -4.34122065e-02  4.73268466e-02  3.44528698e-01 -6.65160565e-03\n",
            "   3.38504069e-03 -5.22858360e-02  7.58784094e-02 -5.03483000e-02\n",
            "   5.22183011e-02 -5.89816410e-02  2.36697377e-02  2.61252580e-02\n",
            "  -9.49415505e-02  3.15005458e-01 -2.83369676e-01  1.73245997e-01\n",
            "  -8.66952090e-02 -2.39697134e-01 -2.52726600e-01  6.58410850e-02\n",
            "   5.44261809e-02 -3.16598733e-02 -3.68398124e-02]\n",
            " [-3.52459459e-03  1.08652199e-01  1.45564998e-02  2.12435173e-01\n",
            "   1.17197079e-01 -1.26353085e-01  2.04876418e-01  5.30114342e-01\n",
            "   1.67202028e-01  9.63430867e-02  9.88099281e-02  1.31288021e-02\n",
            "  -1.15815920e-02  8.08033585e-03 -1.36102047e-01  5.95472774e-02\n",
            "   4.55263971e-03 -3.24029437e-02  4.50622098e-02  2.90858689e-02\n",
            "  -1.11700876e-01 -3.23346197e-01 -6.02347799e-02 -1.17442024e-01\n",
            "  -1.44159449e-01 -3.14825773e-01 -3.43742622e-01  3.13957802e-01\n",
            "  -1.44178658e-01 -1.57726084e-01  3.71948288e-03]\n",
            " [-2.80324188e-03  1.15132971e-01  1.02364845e-01 -1.74416723e-01\n",
            "  -1.03868103e-01  5.19651601e-01  1.71980267e-01  2.23113411e-01\n",
            "  -1.65841473e-02  1.01182670e-01  7.28647741e-02  2.22017271e-02\n",
            "  -3.72000839e-02 -2.23715392e-02  1.62147781e-01 -6.62728984e-02\n",
            "  -2.05564391e-02 -3.78066388e-02  1.07233180e-02  1.29976526e-02\n",
            "  -4.64357739e-02 -1.73530262e-01 -7.41999737e-02 -1.29557886e-01\n",
            "   2.05728813e-01 -3.03296103e-02 -2.96040429e-01 -5.56597461e-01\n",
            "   7.17647973e-02  1.29186900e-01 -1.32476515e-01]\n",
            " [ 1.75697406e-03 -2.23448406e-01 -1.77376458e-02 -4.42113890e-01\n",
            "  -1.01041700e-01 -3.37899637e-01 -1.77610251e-01  2.40913827e-01\n",
            "   3.27402229e-02  1.32695626e-01  1.88188161e-01  2.49768212e-02\n",
            "   2.27750301e-02 -1.02530361e-01  8.76878620e-02 -1.74760760e-02\n",
            "   1.12888414e-02 -1.07117626e-02  7.69714347e-03 -2.23723746e-02\n",
            "   4.41452885e-02 -3.92169619e-01 -2.61312055e-02  2.13832937e-02\n",
            "  -1.72131617e-02  9.49116967e-02  1.10101473e-01  7.56963059e-02\n",
            "   2.24734554e-01  4.71279964e-01  9.54905923e-02]\n",
            " [ 1.31994165e-03 -6.36787617e-02  2.83369927e-01  6.30973306e-02\n",
            "  -3.89167879e-01 -1.29063674e-01 -5.78192346e-02  7.46857292e-02\n",
            "  -2.20722655e-01 -5.32682054e-02  5.11144283e-02  3.26045607e-02\n",
            "   2.95139053e-03  4.25313776e-02 -6.30959536e-02 -1.69553160e-02\n",
            "   1.00946431e-02  5.75652870e-03  1.59562677e-04  1.14794087e-03\n",
            "   3.06615037e-02 -1.97356122e-01 -2.95607514e-02  3.86846188e-02\n",
            "   6.84478727e-01 -2.61800400e-02  1.21474685e-01  1.10370318e-01\n",
            "  -1.80815746e-02 -3.59879322e-01  7.03197100e-02]]\n"
          ]
        }
      ]
    },
    {
      "cell_type": "code",
      "source": [
        "#se pun valorile singulare pe scara logaritmica pentru a vedea evolutia valorilor singulare \n",
        "fig3=plt.figure(3)\n",
        "plt.semilogy(s)\n",
        "plt.title('Scara logaritmica a valorilor singulare')\n",
        "plt.show()\n",
        "print('Numar de valori singulare:', len(s))"
      ],
      "metadata": {
        "colab": {
          "base_uri": "https://localhost:8080/",
          "height": 298
        },
        "id": "MTe0vNQQyQQH",
        "outputId": "8b9659e6-edc4-4fbe-babe-c14b1f6f49df"
      },
      "execution_count": 4,
      "outputs": [
        {
          "output_type": "display_data",
          "data": {
            "text/plain": [
              "<Figure size 432x288 with 1 Axes>"
            ],
